.Random.seed <-
c(403L, 1L, 474244999L, 895218286L, -1388518840L, 597726283L, 
1625834921L, 259127544L, -2011202522L, -668713663L, -169645357L, 
-883862910L, -1092011852L, 991246391L, -1237660883L, 1484292164L, 
-677196438L, 740661717L, -2107265169L, -1596377482L, -942671456L, 
1509965411L, -1712642303L, -759138704L, -197389810L, 1330649721L, 
-1091353077L, 1965274938L, -2104365508L, -570436225L, 1909962453L, 
1612445420L, 668215362L, 1225609117L, -1048805865L, 1738941310L, 
1108054328L, -277627365L, -225697927L, -1311503928L, 1073722870L, 
-1282361295L, 210301539L, 81546802L, -1223263356L, 320772551L, 
678867101L, 1099630612L, -961052998L, 1140674309L, -361841441L, 
1510133094L, -258021136L, 829991955L, -1024253519L, 1399929952L, 
66738686L, -383091319L, -323241285L, 374343306L, -1001402004L, 
-165361937L, -1734196955L, 580861916L, 966888882L, -1288160083L, 
-505439129L, 1561527182L, -1205861272L, -1418862485L, 1712671241L, 
-1414982504L, 2093541318L, 1342995233L, 1272944563L, 151207714L, 
-1407037164L, -1201856105L, -1923890803L, 1242736804L, -996605302L, 
2107422965L, -402264241L, -1582966698L, 1181582080L, 1685280323L, 
-1141682719L, 1825732944L, 639405998L, -1838766759L, -1220443285L, 
989004506L, 1226847132L, -658157665L, -1211165195L, 625342604L, 
459733346L, 515192125L, 1940428215L, 1527267934L, 1827005336L, 
-794834181L, -917486951L, -2141975768L, 1966791126L, -1337113007L, 
1997399299L, -1934624622L, -1799213532L, -2081124121L, 1576224061L, 
562930100L, -289546726L, -1467654811L, -1335778305L, -1547713914L, 
2129625616L, 1233074355L, -880831663L, 1605648128L, 421457374L, 
294131241L, 1053646299L, 897295082L, -390164340L, -424706097L, 
-1690675323L, -1915571140L, 1903785234L, -2013986291L, -354051769L, 
-2011813074L, -880187768L, 272437131L, 595181417L, 693039416L, 
-1648383002L, 725228417L, -1533709549L, 944716994L, 824792948L, 
1739660151L, -263160723L, 1256706820L, 951650858L, 240756629L, 
1365068847L, 312739126L, -1763308192L, 881970083L, 1440287937L, 
-289534800L, -1274319922L, 483733305L, -1648390325L, -1666900742L, 
-1069750788L, 1070011967L, 1346915093L, 853133356L, -6588158L, 
-439881251L, 1655509207L, 1334066110L, 768003576L, 1603975643L, 
24057913L, 1919893896L, -1253692106L, -526059663L, -1595914845L, 
-1725138702L, -1516796860L, 731897607L, 194399965L, -2012090412L, 
-1197891846L, -1406623163L, -2088258913L, 22634534L, -509434704L, 
276931923L, -1440456591L, 94903712L, -1520299714L, -1037033399L, 
-194018053L, 1112829130L, -1994542548L, 1551164975L, -261937435L, 
2053106588L, -920494606L, 549488749L, 339280295L, 1991381966L, 
703125800L, -1172280533L, 2016872777L, -550347176L, 691982086L, 
1952029409L, -1821159821L, 1114380002L, -638973356L, 412767063L, 
-2122262707L, 1832151780L, 360215242L, 1689029429L, -7601777L, 
1039431318L, 1473320512L, -1862357245L, 909535009L, -1640091632L, 
313272302L, -1040005223L, 522625067L, -29248230L, -1119160356L, 
-1577690657L, 1084652981L, -205042868L, -709219934L, 1731619069L, 
503657975L, -585051362L, -472166952L, 422790546L, -1553655456L, 
-1606531060L, -1029445408L, 664888930L, -1504399192L, -1428051892L, 
175110012L, -657846990L, 1041661552L, -600643772L, -696513576L, 
-1630875782L, -1112353744L, -436494404L, -658564524L, -597114814L, 
1464194720L, -1559106884L, -1662961712L, -1075095198L, 2029779688L, 
-1570605876L, -842364420L, -1646321166L, -1777536L, -785375756L, 
1630419592L, 165246778L, -1668667056L, 842917996L, -1155873388L, 
-1716913070L, -1032502816L, 1979556044L, 1960340128L, -2563710L, 
1411470568L, 361937644L, 950755644L, 366287986L, -1635025296L, 
-1165425116L, -1246851016L, 1225119002L, -1818980144L, -1341686468L, 
-1538039916L, -1416730750L, -996532288L, -1232703940L, -1892134512L, 
-322763742L, -1636826872L, 1449792652L, 365691676L, -498810734L, 
-89566848L, -417453036L, 13854504L, -1399509446L, -340786736L, 
2036339052L, 1726967732L, -1333828078L, -2129775648L, -1840081460L, 
312648928L, 1036924962L, 386940712L, 860177932L, -831579332L, 
812456946L, -78572816L, -2102091196L, 1306424920L, -1601724614L, 
-913556496L, -1995632964L, -1795781356L, -320687934L, 1946403936L, 
905728380L, -1198899248L, -537712350L, -873767256L, 261489548L, 
1382016188L, -1875302606L, -2085187008L, 562818228L, 1792230472L, 
-1511218758L, -146592240L, 1620715756L, -1239711404L, 1196236562L, 
-864053856L, 1468410572L, 551683680L, -268943422L, 435796776L, 
1396069804L, 1324177724L, 901687154L, 1409005872L, -689148124L, 
61549880L, 514697946L, -1918974064L, -1500728580L, 244060052L, 
-548579262L, 826039552L, 1104835644L, -2120886960L, -448616286L, 
-642001080L, 1239928588L, -375969060L, 15645522L, -1752268160L, 
-1817900972L, 1796445160L, -1054488838L, 1140060496L, 314452780L, 
2052075380L, -1488278638L, 480976480L, -63127668L, -1198374048L, 
619814882L, -495820888L, -903191348L, -1080775172L, -965123150L, 
-1513754128L, 200815044L, -600866472L, -854628998L, -2123685456L, 
1963798460L, -1819172780L, 534832066L, -1804772320L, -1508442948L, 
-1299406256L, 208381922L, 1716547176L, -729580980L, -2105147140L, 
-1221406734L, 95589632L, -399388812L, -822849528L, 1782533562L, 
-2004400688L, -1781122068L, 1946021780L, 1336206290L, -1814079648L, 
1334971724L, -892764896L, 1059668866L, -1478688024L, -1768733460L, 
1270059580L, -167201934L, 1673759344L, -444866524L, -1873662152L, 
381064346L, 162675408L, -472799044L, 217781908L, -1272787326L, 
-356578112L, -418619076L, -167683952L, -1291267550L, -1131631096L, 
-1484699380L, 1753397916L, -30460398L, -359479936L, -1141823980L, 
-1706172888L, -149605062L, -281516080L, -560455060L, -1044836556L, 
1043909266L, -364066464L, 499407180L, 698564576L, 1217931170L, 
380596136L, 1229558668L, -964479300L, -867779726L, -339502864L, 
-352243644L, -1275941544L, -932125638L, -1353606288L, 291630140L, 
-1993805036L, -1132699198L, -665665312L, 596273020L, 180594384L, 
859911842L, 100953128L, 1780142348L, 1894079420L, 535600434L, 
1131362240L, -1469111756L, 166722504L, 2077148346L, 2006912912L, 
-545178132L, -73670572L, 2141687442L, 705778464L, -895540L, -1156662967L, 
-1981054085L, 1428766284L, -75214886L, -1848570417L, -468993127L, 
2000120750L, 794169532L, 1713498413L, 789535447L, 429884192L, 
-1490529154L, 1859156555L, -300382131L, 2120763002L, -1151471944L, 
2105175137L, 1243307539L, 1615778868L, -2075141566L, 894783063L, 
1330521505L, 53036646L, -202480028L, 1468073365L, -1988225345L, 
1190121048L, 1423260278L, -1428457853L, -361567547L, -1047693342L, 
-2077474224L, 737339257L, -1614422869L, -1220488164L, 1531585354L, 
1761624895L, 416378249L, -2077043298L, 1525615692L, -1692926435L, 
-76754009L, 1873843920L, -1752504210L, -1179918565L, -548675459L, 
1901907562L, -782102776L, 1488433073L, -1053538269L, 1367030052L, 
-1068536366L, 1493642791L, -2130732943L, -1843351882L, 110748244L, 
36863717L, -2047763729L, 2043156008L, 636822150L, 54541491L, 
-1195384299L, -697842574L, 514826432L, 211080489L, -1594946661L, 
1122589804L, 163700858L, -648722001L, 1181040825L, -663784754L, 
-468070372L, -34282611L, -621355529L, 475476224L, 644587358L, 
520734763L, -770201811L, 259353498L, -1429993128L, 1453182145L, 
1026653043L, -1667426156L, -1489904350L, 1343659063L, -1593297663L, 
-2036107258L, 578506308L, 473044853L, -2108118305L, -1514064328L, 
490448406L, 1203640867L, -742967835L, -515355646L, -1373082000L, 
-1382351847L, -124518901L, -1057325828L, 1252299050L, 1905223519L, 
830695145L, -1889958402L, 986733036L, -2113789635L, 274608391L, 
1414201584L, 2057280654L, -1437886789L, -1133238627L, 2014634570L, 
73302120L, 766308433L, 697033539L, -958593468L, -474139406L, 
865726663L, -1048149359L, -1933722602L, -865442188L, -1937448699L, 
-2027307185L, 460503368L, 1333609702L, 2090244627L, 1648532853L, 
-503258798L, 1605093792L, 570851465L, 641018043L, 1432486668L, 
-1485176166L, -1482053617L, -755102631L, 1202823406L, -745036932L, 
